#V3.30
#C data file created using the SS_writedat function in the R package r4ss
#C should work with SS version:
#C file write time: 2021-03-10 15:23:42
#
1991 #_styr
2022 #_endyr
1 #_nseas
12 #_months_per_seas
2 #_Nsubseasons
1 #_spawn_month
1 #_Nsexes
10 #_Nages
1 #_N_areas
5 #_Nfleets
#_fleetinfo
#_type	surveytiming	area	units	need_catch_mult	fleetname
1	  -1	1	1	0	FshTrawl	#_1
1	  -1	1	1	0	FshLL   	#_2
1	  -1	1	1	0	FshPot  	#_3
3	1007	1	2	0	Srv     	#_4
3	1007	1	2	0	LLSrv   	#_5
#_Catch data
#_year	season	fleet	catch	catch_se
 -999	1	1	      0	0.05	#_1         
 1977	1	1	   2193	0.05	#_4         
 1978	1	1	   2404	0.05	#_5         
 1979	1	1	   4671	0.05	#_6         
 1980	1	1	   2835	0.05	#_7         
 1981	1	1	   4429	0.05	#_8         
 1982	1	1	   5800	0.05	#_9         
 1983	1	1	   6569	0.05	#_10        
 1984	1	1	   6863	0.05	#_11        
 1985	1	1	   5648	0.05	#_12        
 1986	1	1	   6120	0.05	#_13        
 1987	1	1	  10435	0.05	#_14        
 1988	1	1	   4998	0.05	#_15        
 1989	1	1	   4239	0.05	#_16        
 1990	1	1	   6932	0.05	#_17        
 1991	1	1	3414.22	0.05	#_18        
 1992	1	1	14642.5	0.05	#_19        
 1993	1	1	17311.9	0.05	#_20        
 1994	1	1	14382.6	0.05	#_21        
 1995	1	1	10574.2	0.05	#_22        
 1996	1	1	21178.8	0.05	#_23        
 1997	1	1	17438.1	0.05	#_24        
 1998	1	1	20530.7	0.05	#_25        
 1999	1	1	16437.4	0.05	#_26        
 2000	1	1	20361.9	0.05	#_27        
 2001	1	1	15826.7	0.05	#_28        
 2002	1	1	27929.3	0.05	#_29        
 2003	1	1	31478.4	0.05	#_30        
 2004	1	1	25770.2	0.05	#_31        
 2005	1	1	19613.2	0.05	#_32        
 2006	1	1	20062.4	0.05	#_33        
 2007	1	1	28631.5	0.05	#_34        
 2008	1	1	21826.3	0.05	#_35        
 2009	1	1	20821.7	0.05	#_36        
 2010	1	1	18872.3	0.05	#_37        
 2011	1	1	9382.32	0.05	#_38        
 2012	1	1	12138.8	0.05	#_39        
 2013	1	1	8122.85	0.05	#_40        
 2014	1	1	 6765.7	0.05	#_41        
 2015	1	1	6129.25	0.05	#_42        
 2016	1	1	11535.4	0.05	#_43        
 2017	1	1	8536.85	0.05	#_44        
 2018	1	1	  10119	0.05	#_45        
 2019	1	1	  10294	0.05	#_46        
 2020	1	1	4319.34	0.05	#_47        
 2021	1	1	3421.52	0.05	#_48        
 2022	1	1	3175.97	0.05	#_49        
 -999	1	2	      0	0.05	#_2         
 1977	1	2	   1099	0.05	#_50        
 1978	1	2	    990	0.05	#_51        
 1979	1	2	    736	0.05	#_52        
 1980	1	2	    177	0.05	#_53        
 1981	1	2	    235	0.05	#_54        
 1982	1	2	    476	0.05	#_55        
 1983	1	2	    402	0.05	#_56        
 1984	1	2	    804	0.05	#_57        
 1985	1	2	    829	0.05	#_58        
 1986	1	2	      0	0.05	#_59        
 1987	1	2	      0	0.05	#_60        
 1988	1	2	    167	0.05	#_61        
 1989	1	2	    303	0.05	#_62        
 1990	1	2	    609	0.05	#_63        
 1991	1	2	 3203.4	0.05	#_64        
 1992	1	2	22108.4	0.05	#_65        
 1993	1	2	16892.8	0.05	#_66        
 1994	1	2	7009.23	0.05	#_67        
 1995	1	2	4935.41	0.05	#_68        
 1996	1	2	5819.54	0.05	#_69        
 1997	1	2	 7151.1	0.05	#_70        
 1998	1	2	13771.1	0.05	#_71        
 1999	1	2	7942.71	0.05	#_72        
 2000	1	2	16215.8	0.05	#_73        
 2001	1	2	17836.5	0.05	#_74        
 2002	1	2	2864.92	0.05	#_75        
 2003	1	2	975.886	0.05	#_76        
 2004	1	2	3102.69	0.05	#_77        
 2005	1	2	3080.33	0.05	#_78        
 2006	1	2	3592.31	0.05	#_79        
 2007	1	2	 4717.7	0.05	#_80        
 2008	1	2	5913.93	0.05	#_81        
 2009	1	2	5769.83	0.05	#_82        
 2010	1	2	7718.96	0.05	#_83        
 2011	1	2	1276.68	0.05	#_84        
 2012	1	2	3394.99	0.05	#_85        
 2013	1	2	1814.65	0.05	#_86        
 2014	1	2	435.499	0.05	#_87        
 2015	1	2	3086.88	0.05	#_88        
 2016	1	2	1709.68	0.05	#_89        
 2017	1	2	 3788.9	0.05	#_90        
 2018	1	2	3338.14	0.05	#_91        
 2019	1	2	2581.65	0.05	#_92        
 2020	1	2	3592.23	0.05	#_93        
 2021	1	2	3366.19	0.05	#_94        
 2022	1	2	1588.48	0.05	#_95        
 -999	1	3	      0	0.05	#_3         
 1991	1	3	3179.92	0.05	#_96        
 1992	1	3	 6316.9	0.05	#_97        
 1994	1	3	 147.21	0.05	#_98        
 1995	1	3	 1024.5	0.05	#_99        
 1996	1	3	4610.76	0.05	#_100       
 1997	1	3	 574.88	0.05	#_101       
 1998	1	3	 424.47	0.05	#_102       
 1999	1	3	3750.25	0.05	#_103       
 2000	1	3	 3106.8	0.05	#_104       
 2001	1	3	 544.06	0.05	#_105       
 2002	1	3	   6.67	0.05	#_106       
 2003	1	3	  2.395	0.05	#_107       
 2004	1	3	  0.214	0.05	#_108       
 2005	1	3	   0.05	0.05	#_109       
 2006	1	3	556.716	0.05	#_110       
 2007	1	3	1005.41	0.05	#_111       
 2008	1	3	3488.42	0.05	#_112       
 2009	1	3	1990.22	0.05	#_113       
 2010	1	3	2414.79	0.05	#_114       
 2011	1	3	229.257	0.05	#_115       
 2012	1	3	2683.27	0.05	#_116       
 2013	1	3	3672.97	0.05	#_117       
 2014	1	3	3400.46	0.05	#_118       
 2017	1	3	2852.43	0.05	#_119       
 2018	1	3	6957.15	0.05	#_120       
 2019	1	3	6269.29	0.05	#_121       
 2020	1	3	6352.54	0.05	#_122       
 2021	1	3	7178.36	0.05	#_123       
 2022	1	3	5782.67	0.05	#_124       
-9999	0	0	      0	   0	#_terminator
#_CPUE_and_surveyabundance_observations
#_Units:  0=numbers; 1=biomass; 2=F; >=30 for special types
#_Errtype:  -1=normal; 0=lognormal; >0=T
#_SD_Report: 0=no sdreport; 1=enable sdreport
#_Fleet	Units	Errtype	SD_Report
1	1	0	0	#_FshTrawl
2	1	0	0	#_FshLL   
3	1	0	0	#_FshPot  
4	0	0	0	#_Srv     
5	0	0	0	#_LLSrv   
#
#_CPUE_data
#_year	seas	index	obs	se_log
 1980	7	-4	 146093	 0.202205	#_1         
 1981	7	-4	      1	        1	#_2         
 1982	7	-4	      1	        1	#_3         
 1983	7	-4	 215823	 0.142835	#_4         
 1984	7	-4	      1	        1	#_5         
 1985	7	-4	      1	        1	#_6         
 1986	7	-4	 254698	 0.256858	#_7         
 1987	7	-4	      1	        1	#_8         
 1988	7	-4	      1	        1	#_9         
 1989	7	-4	      1	        1	#_10        
 1990	7	-4	      1	        1	#_11        
 1991	7	 4	 188456	   0.1348	#_12        
 1992	7	-4	      1	        1	#_13        
 1993	7	-4	      1	        1	#_14        
 1994	7	 4	 184499	 0.181423	#_15        
 1995	7	-4	      1	        1	#_16        
 1996	7	-4	      1	        1	#_17        
 1997	7	 4	83590.3	 0.125172	#_18        
 1998	7	-4	      1	        1	#_19        
 1999	7	-4	      1	        1	#_20        
 2000	7	 4	 136028	 0.172066	#_21        
 2001	7	-4	      1	        1	#_22        
 2002	7	 4	83152.2	 0.145954	#_23        
 2003	7	-4	      1	        1	#_24        
 2004	7	 4	 114183	 0.173576	#_25        
 2005	7	-4	      1	        1	#_26        
 2006	7	 4	92271.3	 0.260535	#_27        
 2007	7	-4	      1	        1	#_28        
 2008	7	-4	      1	        1	#_29        
 2009	7	-4	      1	        1	#_30        
 2010	7	 4	68575.6	 0.158685	#_31        
 2011	7	-4	      1	        1	#_32        
 2012	7	 4	65858.2	 0.136377	#_33        
 2013	7	-4	      1	        1	#_34        
 2014	7	 4	86790.7	 0.160504	#_35        
 2015	7	-4	      1	        1	#_36        
 2016	7	 4	95734.7	 0.163044	#_37        
 2017	7	-4	      1	        1	#_38        
 2018	7	 4	95904.5	 0.137692	#_39        
 2019	7	-4	      1	        1	#_40        
 2020	7	-4	      1	        1	#_41        
 2021	7	-4	      1	        1	#_42        
 2022	7	 4	66907.2	 0.107263	#_43        
 1996	7	 5	88627.6	 0.112768	#_44        
 1997	7	-5	      1	        1	#_45        
 1998	7	 5	 131813	0.0856312	#_46        
 1999	7	-5	      1	        1	#_47        
 2000	7	 5	 167593	0.0985517	#_48        
 2001	7	-5	      1	        1	#_49        
 2002	7	 5	84667.7	 0.137242	#_50        
 2003	7	-5	      1	        1	#_51        
 2004	7	 5	69171.6	 0.148282	#_52        
 2005	7	-5	      1	        1	#_53        
 2006	7	 5	 102621	0.0959902	#_54        
 2007	7	-5	      1	        1	#_55        
 2008	7	 5	77184.4	 0.164337	#_56        
 2009	7	-5	      1	        1	#_57        
 2010	7	 5	83973.3	 0.132254	#_58        
 2011	7	-5	      1	        1	#_59        
 2012	7	 5	82422.6	 0.111439	#_60        
 2013	7	-5	      1	        1	#_61        
 2014	7	 5	98559.5	 0.199945	#_62        
 2015	7	-5	      1	        1	#_63        
 2016	7	 5	 129751	 0.119626	#_64        
 2017	7	-5	      1	        1	#_65        
 2018	7	 5	 168708	 0.141122	#_66        
 2019	7	-5	      1	        1	#_67        
 2020	7	 5	 109521	0.0863488	#_68        
 2021	7	-5	      1	        1	#_69        
 2022	7	 5	63701.5	  0.13747	#_70        
-9999	0	 0	      0	        0	#_terminator
0 #_N_discard_fleets
#_discard_units (1=same_as_catchunits(bio/num); 2=fraction; 3=numbers)
#_discard_errtype:  >0 for DF of T-dist(read CV below); 0 for normal with CV; -1 for normal with se; -2 for lognormal
#
#_discard_fleet_info
#
#_discard_data
#
#_meanbodywt
0 #_use_meanbodywt
 #_DF_for_meanbodywt_T-distribution_like
#
#_population_length_bins
2 # length bin method: 1=use databins; 2=generate from binwidth,min,max below; 3=read vector
1 # binwidth for population size comp
0.5 # minimum size in the population (lower edge of first bin and size at age 0.00)
116.5 # maximum size in the population (lower edge of last bin)
1 #_use_lencomp
#
#_len_info
#_mintailcomp	addtocomp	combine_M_F	CompressBins	CompError	ParmSelect	minsamplesize
-1	1e-04	1	0	0	0	1	#_FshTrawl
-1	1e-04	1	0	0	0	1	#_FshLL   
-1	1e-04	1	0	0	0	1	#_FshPot  
-1	1e-04	1	0	0	0	1	#_Srv     
-1	1e-04	1	0	0	0	1	#_LLSrv   
117 #_N_lbins
#_lbin_vector
0.5 1.5 2.5 3.5 4.5 5.5 6.5 7.5 8.5 9.5 10.5 11.5 12.5 13.5 14.5 15.5 16.5 17.5 18.5 19.5 20.5 21.5 22.5 23.5 24.5 25.5 26.5 27.5 28.5 29.5 30.5 31.5 32.5 33.5 34.5 35.5 36.5 37.5 38.5 39.5 40.5 41.5 42.5 43.5 44.5 45.5 46.5 47.5 48.5 49.5 50.5 51.5 52.5 53.5 54.5 55.5 56.5 57.5 58.5 59.5 60.5 61.5 62.5 63.5 64.5 65.5 66.5 67.5 68.5 69.5 70.5 71.5 72.5 73.5 74.5 75.5 76.5 77.5 78.5 79.5 80.5 81.5 82.5 83.5 84.5 85.5 86.5 87.5 88.5 89.5 90.5 91.5 92.5 93.5 94.5 95.5 96.5 97.5 98.5 99.5 100.5 101.5 102.5 103.5 104.5 105.5 106.5 107.5 108.5 109.5 110.5 111.5 112.5 113.5 114.5 115.5 116.5 #_lbin_vector
#
#_lencomp
#_Year	Seas	FltSrv	Gender	Part	Nsamp	0.5	1.5	2.5	3.5	4.5	5.5	6.5	7.5	8.5	9.5	10.5	11.5	12.5	13.5	14.5	15.5	16.5	17.5	18.5	19.5	20.5	21.5	22.5	23.5	24.5	25.5	26.5	27.5	28.5	29.5	30.5	31.5	32.5	33.5	34.5	35.5	36.5	37.5	38.5	39.5	40.5	41.5	42.5	43.5	44.5	45.5	46.5	47.5	48.5	49.5	50.5	51.5	52.5	53.5	54.5	55.5	56.5	57.5	58.5	59.5	60.5	61.5	62.5	63.5	64.5	65.5	66.5	67.5	68.5	69.5	70.5	71.5	72.5	73.5	74.5	75.5	76.5	77.5	78.5	79.5	80.5	81.5	82.5	83.5	84.5	85.5	86.5	87.5	88.5	89.5	90.5	91.5	92.5	93.5	94.5	95.5	96.5	97.5	98.5	99.5	100.5	101.5	102.5	103.5	104.5	105.5	106.5	107.5	108.5	109.5	110.5	111.5	112.5	113.5	114.5	115.5	116.5


#
#_MeanSize_at_Age_obs
15 #_use_MeanSize_at_Age_obs
#_Yr  Seas  FltSvy  Gender  Part  AgeErr  Ignore  a1  a2  a3  a4  a5  a6  a7  a8  a9  a10  N_a1  N_a2  N_a3  N_a4  N_a5  N_a6  N_a7  N_a8  N_a9  N_a10
 1980  1  -4  0  0  1  999  34.0000  48.6495  60.9561  71.2976  78.9245  88.2353   0.0000   0.0000    0.0000    0.0000   1   97  114   84   53   17    0   0   0   0  #_1         
 1991  1  4  0  0  1  999  24.7391  36.9378  48.1635  60.8380  68.5423  76.8511  81.7727  81.6316   85.6000   93.1667  23  225  159  216  142   47   22  19   5   6  #_2         
 1994  1  4  0  0  1  999  20.4881  35.3906  46.6605  56.6667  66.3086  77.3235  86.2480  91.9630   95.4348   99.0769  84  128  162  141  175  136  125  81  23  13  #_3         
 1997  1  4  0  0  1  999  23.1176  36.7545  50.3333  60.5735  68.4876  79.8481  87.1864  92.0851   93.6667   96.6000  34  110   87  136  121   79   59  47  21  15  #_4         
 2000  1  4  0  0  1  999  18.1304  32.8095  46.4870  58.1946  67.9050  78.6020  85.5238  93.0000   96.8000  103.1250  23   63  115  185  179   98   84  31  10   8  #_5         
 2002  1  4  0  0  1  999  19.4750  34.8953  47.7004  58.0175  70.5116  78.3631  85.3889  92.9667   99.4000   99.9524  80  172  267  228  172  157   90  30  20  21  #_6         
 2004  1  4  0  0  1  999  21.2000  37.8833  46.9722  58.2712  70.1330  79.8053  89.6364  95.8182   97.7778   99.7778  15   60  108  177  188  113   44  33  18   9  #_7         
 2006  1  4  0  0  1  999  20.4754  37.8286  48.7727  56.9850  69.0473  77.0079  86.7273  95.3333   99.2500  102.6364  61   35  132  133  169  126   55  18   8  11  #_8         
 2010  1  4  0  0  1  999  19.7500  34.4675  46.2868  55.9253  68.7330  73.5870  83.3462  94.2222  100.0000  104.8333   4   77  129  174  191   46   26   9  11   6  #_9         
 2012  1  4  0  0  1  999  18.8889  36.5818  47.2295  57.3534  66.3224  74.4318  85.5946  91.1818  102.5000  101.6000  45   55   61  133  152   88   37  11   4   5  #_10        
 2014  1  4  0  0  1  999  20.3143  37.0816  49.7791  59.1064  67.2500  77.7439  81.1053  83.0000   96.8571  100.0000  35   98   86   94   88   82   38  12   7   4  #_11        
 2016  1  4  0  0  1  999  21.7619  37.4860  48.0000  57.1565  67.8462  78.5179  86.0200  95.1500  100.3750  103.0000  42  107  145  147  104   56   50  20   8   2  #_12        
 2018  1  4  0  0  1  999  20.7000  39.4328  50.8875  58.7750  66.1765  76.2609  91.0000  91.0000   91.5000    0.0000  10   67   80  200  153   46   16   1   2   0  #_13        
-9999  0   0  0  0  0    0   0.0000   0.0000   0.0000   0.0000   0.0000   0.0000   0.0000   0.0000    0.0000    0.0000   0    0    0    0    0    0    0   0   0   0  #_terminator
0 #_N_environ_variables
0 #_N_sizefreq_methods
0 #_do_tags
0 #_morphcomp_data
0 #_use_selectivity_priors
#
999